# Created by Octave 3.6.4, Wed Mar 05 14:39:54 2014 CET <francesco@francesco-Aspire-1410>
# name: valle
# type: matrix
# rows: 7
# columns: 7
 983000 20 2e-05 1000000 2000 0.289 2.89e-07
 99830 25 0.00025 1000000 588.8 0.289 2.89e-06
 9937 25 0.0025 1000000 63.488 0.289 2.89e-05
 999 1.8 0.0017 40000 63.488 0.01155 2.89e-05
 98.88 1.8 0.017 40000 6.3949 0.01155 0.000289
 9.970000000000001 1.4 0.12 40000 6.3949 0.01155 0.00289
 1.04 0.4 0.17 40000 0.63995 0.01155 0.00289


